% ***********************************************************************
% dataSpec_P5.m - (february, 25th 2008)
% ***********************************************************************
% [1] = wavelength (nm)
% [2] = refractive index of leaf material
% [3] = specific absorption coefficient of chlorophyll (a+b) (cm2.microg-1)
% [4] = specific absorption coefficient of carotenoids (cm2.microg-1)
% [5] = specific absorption coefficient of brown pigments (arbitrary units)
% [6] = specific absorption coefficient of water (cm-1)
% [7] = specific absorption coefficient of dry matter (g.cm-1)
% [8] = direct light
% [9] = diffuse light
% [10] = dry soil
% [11] = wet soil
% Féret et al. (2008), PROSPECT-4 and 5: Advances in the Leaf Optical
% Properties Model Separating Photosynthetic Pigments, Remote Sensing of
% Environment
% The specific absorption coefficient corresponding to brown pigment is
% provided by Frederic Baret (EMMAH, INRA Avignon, baret@avignon.inra.fr)
% and used with his autorization.
% ***********************************************************************

function f=dataSpec_P5B()

f=[

604	1.4079	2.34E-02	0.00E+00	2.57E-01	2.45E-03	2.30E+00	1.36E+00	1.62E+00	2.85E-01	3.13E-02
611	1.4075	2.52E-02	0.00E+00	2.45E-01	2.70E-03	2.30E+00	1.37E+00	1.60E+00	2.89E-01	3.16E-02
624	1.4083	2.88E-02	0.00E+00	2.24E-01	2.87E-03	2.30E+00	1.39E+00	1.55E+00	2.96E-01	3.22E-02
633	1.4076	2.95E-02	0.00E+00	2.12E-01	3.00E-03	2.30E+00	1.39E+00	1.51E+00	3.00E-01	3.41E-02
641	1.4118	3.27E-02	0.00E+00	2.01E-01	3.13E-03	2.30E+00	1.39E+00	1.47E+00	3.04E-01	3.52E-02
650	1.4229	3.89E-02	0.00E+00	1.89E-01	3.32E-03	2.30E+00	1.38E+00	1.42E+00	3.08E-01	3.62E-02
658	1.4335	4.38E-02	0.00E+00	1.79E-01	3.64E-03	2.30E+00	1.37E+00	1.37E+00	3.13E-01	3.74E-02
667	1.4614	5.49E-02	0.00E+00	1.68E-01	4.09E-03	2.30E+00	1.37E+00	1.33E+00	3.19E-01	3.86E-02
675	1.4857	5.91E-02	0.00E+00	1.57E-01	4.20E-03	2.30E+00	1.38E+00	1.31E+00	3.24E-01	3.94E-02
679	1.4951	5.75E-02	0.00E+00	1.52E-01	4.29E-03	2.30E+00	1.38E+00	1.29E+00	3.26E-01	4.09E-02
693	1.4237	2.47E-02	0.00E+00	1.33E-01	4.99E-03	2.30E+00	1.30E+00	1.17E+00	3.33E-01	4.19E-02
719	1.4442	2.74E-03	0.00E+00	1.04E-01	1.03E-02	2.30E+00	9.26E-01	7.66E-01	3.46E-01	4.54E-02
732	1.4659	9.27E-04	0.00E+00	9.02E-02	1.79E-02	2.30E+00	1.10E+00	8.66E-01	3.55E-01	4.84E-02
745	1.4759	2.91E-04	0.00E+00	7.82E-02	2.69E-02	2.30E+00	1.01E+00	7.77E-01	3.60E-01	5.14E-02
759	1.4763	8.24E-05	0.00E+00	6.73E-02	2.77E-02	2.30E+00	4.18E-01	3.06E-01	3.69E-01	5.43E-02
771	1.4742	1.22E-05	0.00E+00	5.91E-02	2.75E-02	2.30E+00	8.53E-01	5.97E-01	3.74E-01	5.49E-02
784	1.4712	0.00E+00	0.00E+00	5.05E-02	2.61E-02	2.30E+00	1.24E+00	8.48E-01	3.79E-01	5.79E-02
796	1.4688	0.00E+00	0.00E+00	4.39E-02	2.34E-02	2.30E+00	1.21E+00	8.08E-01	3.84E-01	6.03E-02
808	1.4666	0.00E+00	0.00E+00	3.79E-02	2.18E-02	2.30E+00	1.09E+00	7.14E-01	3.90E-01	6.25E-02
827	1.4636	0.00E+00	0.00E+00	3.03E-02	2.83E-02	2.30E+00	9.93E-01	6.22E-01	4.00E-01	6.67E-02
839	1.4619	0.00E+00	0.00E+00	2.62E-02	3.91E-02	2.30E+00	1.10E+00	6.72E-01	4.03E-01	6.75E-02
849	1.4604	0.00E+00	0.00E+00	2.32E-02	4.20E-02	2.30E+00	1.11E+00	6.69E-01	4.08E-01	7.07E-02
860	1.4589	0.00E+00	0.00E+00	2.03E-02	4.45E-02	2.30E+00	1.11E+00	6.60E-01	4.11E-01	7.11E-02
869	1.4579	0.00E+00	0.00E+00	1.83E-02	4.71E-02	2.30E+00	1.11E+00	6.42E-01	4.15E-01	7.37E-02
870	1.4577	0.00E+00	0.00E+00	1.80E-02	4.75E-02	2.30E+00	1.11E+00	6.40E-01	4.15E-01	7.43E-02

];